channel_groups = {
    0:
        {
           'channels': [200, 199, 198, 197, 196, 195, 194, 193, 192, 191, 190, 189, 188, 187, 186, 185, 184, 183, 182, 181, 180, 179, 178, 177, 176, 175, 174, 173, 172, 171, 170, 169, 168, 167, 166, 165, 164, 163, 162, 161, 160, 159, 158, 157, 156, 155, 154, 153, 152, 151, 150, 149, 148, 147, 146, 145, 144, 143, 142, 141, 140, 139, 138, 137, 136, 135, 134, 133, 132, 131, 130, 129, 128, 127, 126, 125, 124, 123, 122, 121, 120, 119, 118, 117, 116, 115, 114, 113, 112, 111, 110, 109, 108, 107, 106, 105, 104, 103, 102, 101, 100, 99, 98, 97, 96, 95, 94, 93, 92, 91, 90, 89, 88, 87, 86, 85, 84, 83, 82, 81, 80, 79, 78, 77, 76, 75, 74, 73, 72, 71, 70, 69, 68, 67, 66, 65, 64, 63, 62, 61, 60, 59, 58, 57, 56, 55, 54, 53, 52, 51, 50, 49, 48, 47, 46, 45, 44, 43, 42, 41, 40, 39, 38, 37, 36, 35, 34, 33, 32, 31, 30, 29, 28, 27, 26, 25, 24, 23, 22, 21, 20, 19, 18, 17, 16, 15, 14, 13, 12, 11, 10, 9, 8, 7, 6, 5, 4, 3, 2, 1],
           'geometry':  {
               200: [-8, 2080],
               199: [24, 2080],
               198: [-24, 2060],
               197: [8, 2060],
               196: [-8, 2040],
               195: [24, 2040],
               194: [-24, 2020],
               193: [8, 2020],
               192: [-8, 2000],
               191: [24, 2000],
               190: [-24, 1980],
               189: [8, 1980],
               188: [-8, 1960],
               187: [24, 1960],
               186: [-24, 1940],
               185: [8, 1940],
               184: [-8, 1920],
               183: [24, 1920],
               182: [-24, 1900],
               181: [8, 1900],
               180: [-8, 1880],
               179: [24, 1880],
               178: [-24, 1860],
               177: [8, 1860],
               176: [-8, 1840],
               175: [24, 1840],
               174: [-24, 1820],
               173: [8, 1820],
               172: [-8, 1800],
               171: [24, 1800],
               170: [-24, 1780],
               169: [8, 1780],
               168: [-8, 1760],
               167: [24, 1760],
               166: [-24, 1740],
               165: [8, 1740],
               164: [-8, 1720],
               163: [24, 1720],
               162: [-24, 1700],
               161: [8, 1700],
               160: [-8, 1680],
               159: [24, 1680],
               158: [-24, 1660],
               157: [8, 1660],
               156: [-8, 1640],
               155: [24, 1640],
               154: [-24, 1620],
               153: [8, 1620],
               152: [-8, 1600],
               151: [24, 1600],
               150: [-24, 1580],
               149: [8, 1580],
               148: [-8, 1560],
               147: [24, 1560],
               146: [-24, 1540],
               145: [8, 1540],
               144: [-8, 1520],
               143: [24, 1520],
               142: [-24, 1500],
               141: [8, 1500],
               140: [-8, 1480],
               139: [24, 1480],
               138: [-24, 1460],
               137: [8, 1460],
               136: [-8, 1440],
               135: [24, 1440],
               134: [-24, 1420],
               133: [8, 1420],
               132: [-8, 1400],
               131: [24, 1400],
               130: [-24, 1380],
               129: [8, 1380],
               128: [-8, 1360],
               127: [24, 1360],
               126: [-24, 1340],
               125: [8, 1340],
               124: [-8, 1320],
               123: [24, 1320],
               122: [-24, 1300],
               121: [8, 1300],
               120: [-8, 1280],
               119: [24, 1280],
               118: [-24, 1260],
               117: [8, 1260],
               116: [-8, 1240],
               115: [24, 1240],
               114: [-24, 1220],
               113: [8, 1220],
               112: [-8, 1200],
               111: [24, 1200],
               110: [-24, 1180],
               109: [8, 1180],
               108: [-8, 1160],
               107: [24, 1160],
               106: [-24, 1140],
               105: [8, 1140],
               104: [-8, 1120],
               103: [24, 1120],
               102: [-24, 1100],
               101: [8, 1100],
               100: [-8, 1080],
               99: [24, 1080],
               98: [-24, 1060],
               97: [8, 1060],
               96: [-8, 1040],
               95: [24, 1040],
               94: [-24, 1020],
               93: [8, 1020],
               92: [-8, 1000],
               91: [24, 1000],
               90: [-24, 980],
               89: [8, 980],
               88: [-8, 960],
               87: [24, 960],
               86: [-24, 940],
               85: [8, 940],
               84: [-8, 920],
               83: [24, 920],
               82: [-24, 900],
               81: [8, 900],
               80: [-8, 880],
               79: [24, 880],
               78: [-24, 860],
               77: [8, 860],
               76: [-8, 840],
               75: [24, 840],
               74: [-24, 820],
               73: [8, 820],
               72: [-8, 800],
               71: [24, 800],
               70: [-24, 780],
               69: [8, 780],
               68: [-8, 760],
               67: [24, 760],
               66: [-24, 740],
               65: [8, 740],
               64: [-8, 720],
               63: [24, 720],
               62: [-24, 700],
               61: [8, 700],
               60: [-8, 680],
               59: [24, 680],
               58: [-24, 660],
               57: [8, 660],
               56: [-8, 640],
               55: [24, 640],
               54: [-24, 620],
               53: [8, 620],
               52: [-8, 600],
               51: [24, 600],
               50: [-24, 580],
               49: [8, 580],
               48: [-8, 560],
               47: [24, 560],
               46: [-24, 540],
               45: [8, 540],
               44: [-8, 520],
               43: [24, 520],
               42: [-24, 500],
               41: [8, 500],
               40: [-8, 480],
               39: [24, 480],
               38: [-24, 460],
               37: [8, 460],
               36: [-8, 440],
               35: [24, 440],
               34: [-24, 420],
               33: [8, 420],
               32: [-8, 400],
               31: [24, 400],
               30: [-24, 380],
               29: [8, 380],
               28: [-8, 360],
               27: [24, 360],
               26: [-24, 340],
               25: [8, 340],
               24: [-8, 320],
               23: [24, 320],
               22: [-24, 300],
               21: [8, 300],
               20: [-8, 280],
               19: [24, 280],
               18: [-24, 260],
               17: [8, 260],
               16: [-8, 240],
               15: [24, 240],
               14: [-24, 220],
               13: [8, 220],
               12: [-8, 200],
               11: [24, 200],
               10: [-24, 180],
               9: [8, 180],
               8: [-8, 160],
               7: [24, 160],
               6: [-24, 140],
               5: [8, 140],
               4: [-8, 120],
               3: [24, 120],
               2: [-24, 100],
               1: [8, 100],
           }
       },
    1:
        {
           'channels': [400, 399, 398, 397, 396, 395, 394, 393, 392, 391, 390, 389, 388, 387, 386, 385, 384, 383, 382, 381, 380, 379, 378, 377, 376, 375, 374, 373, 372, 371, 370, 369, 368, 367, 366, 365, 364, 363, 362, 361, 360, 359, 358, 357, 356, 355, 354, 353, 352, 351, 350, 349, 348, 347, 346, 345, 344, 343, 342, 341, 340, 339, 338, 337, 336, 335, 334, 333, 332, 331, 330, 329, 328, 327, 326, 325, 324, 323, 322, 321, 320, 319, 318, 317, 316, 315, 314, 313, 312, 311, 310, 309, 308, 307, 306, 305, 304, 303, 302, 301, 300, 299, 298, 297, 296, 295, 294, 293, 292, 291, 290, 289, 288, 287, 286, 285, 284, 283, 282, 281, 280, 279, 278, 277, 276, 275, 274, 273, 272, 271, 270, 269, 268, 267, 266, 265, 264, 263, 262, 261, 260, 259, 258, 257, 256, 255, 254, 253, 252, 251, 250, 249, 248, 247, 246, 245, 244, 243, 242, 241, 240, 239, 238, 237, 236, 235, 234, 233, 232, 231, 230, 229, 228, 227, 226, 225, 224, 223, 222, 221, 220, 219, 218, 217, 216, 215, 214, 213, 212, 211, 210, 209, 208, 207, 206, 205, 204, 203, 202, 201],
           'geometry':  {
               400: [-8, 2080],
               399: [24, 2080],
               398: [-24, 2060],
               397: [8, 2060],
               396: [-8, 2040],
               395: [24, 2040],
               394: [-24, 2020],
               393: [8, 2020],
               392: [-8, 2000],
               391: [24, 2000],
               390: [-24, 1980],
               389: [8, 1980],
               388: [-8, 1960],
               387: [24, 1960],
               386: [-24, 1940],
               385: [8, 1940],
               384: [-8, 1920],
               383: [24, 1920],
               382: [-24, 1900],
               381: [8, 1900],
               380: [-8, 1880],
               379: [24, 1880],
               378: [-24, 1860],
               377: [8, 1860],
               376: [-8, 1840],
               375: [24, 1840],
               374: [-24, 1820],
               373: [8, 1820],
               372: [-8, 1800],
               371: [24, 1800],
               370: [-24, 1780],
               369: [8, 1780],
               368: [-8, 1760],
               367: [24, 1760],
               366: [-24, 1740],
               365: [8, 1740],
               364: [-8, 1720],
               363: [24, 1720],
               362: [-24, 1700],
               361: [8, 1700],
               360: [-8, 1680],
               359: [24, 1680],
               358: [-24, 1660],
               357: [8, 1660],
               356: [-8, 1640],
               355: [24, 1640],
               354: [-24, 1620],
               353: [8, 1620],
               352: [-8, 1600],
               351: [24, 1600],
               350: [-24, 1580],
               349: [8, 1580],
               348: [-8, 1560],
               347: [24, 1560],
               346: [-24, 1540],
               345: [8, 1540],
               344: [-8, 1520],
               343: [24, 1520],
               342: [-24, 1500],
               341: [8, 1500],
               340: [-8, 1480],
               339: [24, 1480],
               338: [-24, 1460],
               337: [8, 1460],
               336: [-8, 1440],
               335: [24, 1440],
               334: [-24, 1420],
               333: [8, 1420],
               332: [-8, 1400],
               331: [24, 1400],
               330: [-24, 1380],
               329: [8, 1380],
               328: [-8, 1360],
               327: [24, 1360],
               326: [-24, 1340],
               325: [8, 1340],
               324: [-8, 1320],
               323: [24, 1320],
               322: [-24, 1300],
               321: [8, 1300],
               320: [-8, 1280],
               319: [24, 1280],
               318: [-24, 1260],
               317: [8, 1260],
               316: [-8, 1240],
               315: [24, 1240],
               314: [-24, 1220],
               313: [8, 1220],
               312: [-8, 1200],
               311: [24, 1200],
               310: [-24, 1180],
               309: [8, 1180],
               308: [-8, 1160],
               307: [24, 1160],
               306: [-24, 1140],
               305: [8, 1140],
               304: [-8, 1120],
               303: [24, 1120],
               302: [-24, 1100],
               301: [8, 1100],
               300: [-8, 1080],
               299: [24, 1080],
               298: [-24, 1060],
               297: [8, 1060],
               296: [-8, 1040],
               295: [24, 1040],
               294: [-24, 1020],
               293: [8, 1020],
               292: [-8, 1000],
               291: [24, 1000],
               290: [-24, 980],
               289: [8, 980],
               288: [-8, 960],
               287: [24, 960],
               286: [-24, 940],
               285: [8, 940],
               284: [-8, 920],
               283: [24, 920],
               282: [-24, 900],
               281: [8, 900],
               280: [-8, 880],
               279: [24, 880],
               278: [-24, 860],
               277: [8, 860],
               276: [-8, 840],
               275: [24, 840],
               274: [-24, 820],
               273: [8, 820],
               272: [-8, 800],
               271: [24, 800],
               270: [-24, 780],
               269: [8, 780],
               268: [-8, 760],
               267: [24, 760],
               266: [-24, 740],
               265: [8, 740],
               264: [-8, 720],
               263: [24, 720],
               262: [-24, 700],
               261: [8, 700],
               260: [-8, 680],
               259: [24, 680],
               258: [-24, 660],
               257: [8, 660],
               256: [-8, 640],
               255: [24, 640],
               254: [-24, 620],
               253: [8, 620],
               252: [-8, 600],
               251: [24, 600],
               250: [-24, 580],
               249: [8, 580],
               248: [-8, 560],
               247: [24, 560],
               246: [-24, 540],
               245: [8, 540],
               244: [-8, 520],
               243: [24, 520],
               242: [-24, 500],
               241: [8, 500],
               240: [-8, 480],
               239: [24, 480],
               238: [-24, 460],
               237: [8, 460],
               236: [-8, 440],
               235: [24, 440],
               234: [-24, 420],
               233: [8, 420],
               232: [-8, 400],
               231: [24, 400],
               230: [-24, 380],
               229: [8, 380],
               228: [-8, 360],
               227: [24, 360],
               226: [-24, 340],
               225: [8, 340],
               224: [-8, 320],
               223: [24, 320],
               222: [-24, 300],
               221: [8, 300],
               220: [-8, 280],
               219: [24, 280],
               218: [-24, 260],
               217: [8, 260],
               216: [-8, 240],
               215: [24, 240],
               214: [-24, 220],
               213: [8, 220],
               212: [-8, 200],
               211: [24, 200],
               210: [-24, 180],
               209: [8, 180],
               208: [-8, 160],
               207: [24, 160],
               206: [-24, 140],
               205: [8, 140],
               204: [-8, 120],
               203: [24, 120],
               202: [-24, 100],
               201: [8, 100],
           }
       },
}
